A*
100 100
0 0
50
1
99 99
21 27 62 76 -63 14 -1 15 -2 67 -59 -35 -49 -73 -4 -37 -36 -4 -27 34 -40 -1 -60 -21 48 -29 16 -28 -33 21 0 79 -24 -23 -54 -30 -63 51 -46 -48 25 -8 50 75 3 7 -61 -57 29 1 37 -25 41 18 -35 34 -7 -44 11 69 7 76 63 57 -43 61 67 22 12 -51 -18 -64 60 24 -5 17 0 -1 36 -63 -76 -64 -68 -22 -32 -75 -68 52 48 -46 -39 41 -30 -37 -74 12 38 76 61 -46
74 -36 -27 13 27 -27 -72 -35 -44 55 15 5 -62 15 13 12 46 -39 -34 -64 62 -77 -30 33 49 -45 -9 16 -44 68 22 76 44 1 63 78 69 -12 -79 55 -22 64 -64 -55 -4 41 75 80 51 -62 48 23 -79 -29 -55 72 -75 -39 42 -73 -30 -79 -16 65 -70 49 73 67 27 70 -19 72 28 30 79 21 2 -6 5 -21 80 73 -71 -11 10 48 73 -67 -60 -25 76 5 70 59 -33 75 28 17 -59 30
6 61 60 28 -9 -67 32 -62 -23 -40 -80 55 -59 37 -67 -80 15 -65 -5 -55 -21 19 62 7 17 74 42 -23 33 56 -71 -68 -29 -11 30 77 7 -10 67 14 -34 1 33 -36 -46 -2 33 -4 -9 35 -51 0 -20 11 -7 -48 0 -3 50 -64 -15 29 33 -60 -13 -47 -38 4 78 36 -25 48 80 38 -28 37 21 -55 44 34 -11 45 62 49 30 8 32 35 -48 65 -3 -23 36 56 6 -75 -60 -46 -41 21
38 73 -2 -80 -6 -70 -58 6 70 64 -36 -13 -62 -21 -14 -57 -74 67 41 -52 28 -17 -21 5 40 -67 -13 60 -34 31 -55 -74 40 42 -9 72 33 4 -63 11 55 -72 -29 -19 26 -43 -38 29 52 7 -12 58 -24 -29 -65 -9 80 -71 27 -76 -34 -51 -25 78 73 65 -35 54 47 21 43 39 -14 6 -75 25 -2 -57 38 -53 38 28 25 -48 45 54 6 44 64 -7 -50 42 -26 12 80 -9 10 -72 67 79
18 50 31 -21 -40 -55 23 24 9 -61 -22 -41 -1 -18 37 75 74 10 13 3 47 10 -73 34 30 -76 59 -58 -10 63 -33 63 -21 -16 35 37 -63 47 -8 76 -66 -56 1 -26 11 -72 15 -77 -60 22 -47 -1 -5 -39 54 -52 -43 -37 -3 -57 73 -55 -34 41 29 -4 37 -57 59 69 2 -31 32 -22 -14 -61 -10 -54 -27 11 -18 -73 54 0 21 -72 50 80 47 -5 -66 64 -31 -9 -72 -80 -68 8 -70 -1
-10 -29 -68 -29 -55 -36 -51 -65 -63 -31 -66 76 79 -43 50 31 -22 60 -74 78 -26 60 -30 -60 60 52 -35 -4 -77 56 -24 53 -72 77 -11 -15 47 19 -76 27 -6 23 -71 -27 58 -36 -22 19 39 25 -18 -33 62 37 -22 33 -67 -1 -17 41 -74 25 -43 72 -72 72 -41 65 -58 62 -31 -48 -40 68 56 -5 -27 5 -16 18 19 -73 -72 -29 -48 -54 -77 39 32 -6 48 -73 -70 -59 70 62 -67 10 -72 -5
33 -28 -78 49 72 36 -56 45 66 -15 45 -1 -21 6 -28 -13 76 -68 -12 23 40 -48 9 54 52 72 -5 1 1 -8 -49 30 -40 49 -26 69 71 -54 -25 18 -31 -73 40 25 -42 22 20 1 -41 41 -73 37 15 14 -77 14 45 27 2 -16 -39 -47 71 -44 21 51 79 -11 73 -17 53 -31 15 71 -59 3 -71 -38 -60 59 -42 78 61 -31 77 16 60 -21 69 52 7 -9 -31 67 79 60 -55 -14 -30 22
-33 14 28 -29 53 -9 -33 -34 35 78 31 -8 -28 35 58 -14 -7 -53 -63 8 21 -28 -11 -41 44 -53 63 -40 -35 31 25 9 10 -68 6 -21 5 52 -33 60 66 -54 49 -37 37 2 47 51 -30 2 -11 73 -8 -1 -43 -71 48 -75 -63 -39 -41 -55 -30 38 38 9 -17 -31 7 -69 74 -5 -71 59 18 -70 25 49 58 -58 -66 0 -71 -16 40 47 59 -17 26 40 75 29 -30 -65 -62 -30 17 49 -66 43
0 50 21 17 11 -9 -6 20 78 10 2 -31 -48 69 40 0 3 36 -60 63 61 37 -74 50 9 63 0 79 -71 -35 78 32 -9 1 73 -21 3 -26 -71 78 16 -48 10 -27 25 -59 -4 70 -73 -65 29 17 20 44 -22 -32 9 -12 -52 31 -41 -17 80 -80 -10 -37 -17 -39 37 66 -54 -1 -9 -27 21 -65 41 -27 15 79 -33 45 -79 12 -35 -25 34 -25 -79 -48 -31 16 2 -1 13 -9 -71 -54 46 -67
-1 50 44 -40 -32 -6 -67 -13 27 -30 -66 42 -71 35 -43 -46 -68 -17 -20 22 -10 -16 32 -66 -34 52 61 -54 55 -12 79 -77 47 -1 32 -10 69 24 52 -44 -33 -44 -50 -38 -28 9 -44 -41 -58 -18 26 50 35 -49 20 -75 -69 -32 -6 46 0 -46 15 65 -25 33 -57 -71 45 -77 23 -46 -41 46 -66 46 -7 -35 -5 -18 70 53 53 70 -80 -42 -77 -72 -22 -32 20 -7 62 -11 -21 -50 -67 -29 -70 -73
-31 32 -41 65 -80 -20 -73 6 -6 -23 60 22 31 -55 21 -56 10 49 72 28 -65 18 26 32 -65 58 5 57 -29 37 42 9 57 -7 -33 18 11 33 75 55 -34 36 -20 73 -42 7 53 73 -17 -76 -43 -11 32 26 -26 80 12 42 -52 -53 40 46 -52 -37 55 1 51 -75 -5 41 -59 -38 -64 -61 -39 71 -4 -53 -48 -58 -73 23 -34 -74 -25 27 -9 -2 26 -51 49 8 -13 77 50 41 13 29 59 -11
-20 63 73 -64 -16 39 -63 6 10 13 14 47 20 -6 -7 -28 49 74 -17 -71 -59 -7 -35 26 41 -9 68 56 -64 -47 -74 -64 -49 -59 36 -8 78 -16 -49 -60 26 -14 12 -60 -28 -28 11 -4 -73 -45 45 40 29 -34 -47 53 25 -40 -46 -23 -38 -63 52 25 8 -73 16 -23 26 57 12 35 -33 -41 13 31 46 36 -10 2 70 71 -71 3 77 -26 -57 -25 -30 58 14 -56 45 -12 19 -53 -9 -57 23 40
49 1 -35 0 -51 -8 -76 -77 40 39 -23 18 45 -20 41 -36 -11 21 47 66 -72 -29 5 -21 37 -62 -32 -37 -78 16 46 20 60 -32 65 -42 75 -25 -59 1 -64 60 -18 -44 -34 -73 -36 40 71 35 73 62 43 51 65 27 -51 -17 -44 28 0 -68 61 69 0 -3 28 -62 54 77 16 -28 8 3 -53 -29 -41 26 67 -67 5 -39 -41 12 -46 44 -55 -49 -78 46 -45 13 -59 62 79 66 47 -18 -68 25
-40 -80 73 -70 -28 -64 -56 52 56 41 2 24 -16 70 -52 -9 -18 9 74 75 -13 25 -40 -34 -57 16 49 78 28 5 -45 44 -64 -77 53 55 -58 56 -34 -12 62 49 -20 -11 19 71 12 53 -44 -72 66 51 -57 -2 -39 -24 0 65 -3 69 -75 12 -73 11 -23 -41 -57 13 -72 -76 36 5 -42 61 71 32 -61 -21 -4 -21 0 50 -54 -80 56 -6 21 -66 -64 -50 29 30 -48 19 69 46 69 14 65 15
3 24 -30 -74 -67 -31 -26 33 -79 68 -14 -35 -59 2 -67 -18 20 40 18 19 -26 -68 3 67 -26 39 16 -56 -7 30 16 -72 -58 -17 38 78 -71 8 51 72 -41 54 4 21 -39 77 10 -37 50 51 4 55 5 -13 64 -61 -79 35 -12 24 31 -37 10 63 40 54 -69 29 55 9 -57 -48 -39 69 40 34 78 -63 70 8 -51 -32 49 -33 33 50 -24 -30 60 -60 0 15 -15 40 70 24 8 14 -60 -79
52 -56 -45 60 -47 50 1 28 -9 -34 -8 41 14 18 -40 -62 -9 -59 33 48 -1 -52 22 13 -72 -58 -44 -48 -27 4 -22 -8 -58 11 -54 -66 27 -49 37 -36 -27 -23 -14 7 -35 -27 46 -38 -68 -54 77 -53 -21 23 50 77 8 36 14 -45 -35 15 74 -74 -31 -20 -70 -59 78 -8 -32 71 80 -49 65 -22 27 78 51 5 19 51 73 69 -12 31 -5 -52 1 -39 -33 43 -53 65 47 11 -71 -9 -12 50
-7 19 -33 -38 -68 1 41 -28 -15 -68 -73 15 42 43 -34 51 69 36 -74 59 64 -58 31 24 65 54 -2 21 -63 56 -58 47 -22 64 -42 -6 68 -11 23 12 -1 38 27 25 17 32 75 -8 -24 -18 34 41 9 -23 46 -32 58 -57 -9 35 71 -69 59 63 46 -67 -54 -41 -76 -66 48 -27 -76 -61 -25 -17 18 -63 26 -41 11 72 -30 66 55 2 56 -16 25 -80 57 -52 -17 -74 -60 66 50 14 20 30
33 56 -63 -2 -40 52 62 -75 11 -28 73 63 53 -40 70 45 -46 39 -4 -14 -62 -59 52 -10 40 16 -62 53 21 66 6 -9 -53 31 -24 46 69 -3 -3 -42 -77 53 60 -61 6 -21 19 19 63 -29 69 21 73 14 -10 -21 -55 -26 -78 -42 47 27 -42 21 -5 -40 -55 26 -54 56 -42 10 -16 43 34 55 -63 -64 8 -9 63 -14 56 -25 -14 72 78 -64 -57 -39 -4 -32 -5 -20 67 -48 71 75 37 79
5 31 -12 9 -40 -30 39 72 52 18 43 36 70 73 54 -26 66 77 -39 75 40 20 -51 -57 75 2 -26 66 52 -19 17 4 -47 -31 4 50 -54 -31 3 -63 -5 28 -28 -62 26 20 50 -71 -10 -4 -16 -46 76 75 -55 -26 -34 -75 -58 43 -12 -76 42 37 42 19 9 -49 55 -61 -78 -16 -60 57 -69 -10 -1 5 71 44 76 -32 -39 68 -64 -19 44 50 15 -64 -60 1 45 -73 77 -11 66 72 -68 -69
30 -43 53 -73 -39 79 -63 -59 55 18 1 -64 14 -8 50 -1 75 -80 -12 7 19 21 -56 19 -79 -63 -21 -29 3 -15 -31 -31 46 -58 -3 -79 37 -34 -9 -38 -52 35 -69 14 62 42 72 49 -73 -53 0 58 54 -73 -7 -49 54 -77 48 37 -67 58 33 -68 33 63 -77 -42 -78 -10 33 25 -4 -41 72 0 70 65 -1 37 -69 69 10 55 2 -18 43 79 -32 -58 23 33 31 24 16 -54 -5 -71 -43 39
-15 -33 80 -34 -62 69 79 -25 32 78 -71 62 73 0 28 -58 -39 66 -74 -48 -38 20 59 -75 27 -9 3 -66 43 -32 -73 -50 70 -27 -56 -2 -22 -25 77 -68 -55 -60 44 1 -22 -39 -69 32 11 -72 11 5 -43 8 62 -62 -24 1 42 -32 -32 55 4 6 -28 -48 48 73 -37 -36 -29 -17 -44 46 -34 31 -32 45 19 -5 -52 76 44 -59 79 61 55 -9 -69 -19 -15 -43 -4 -67 -62 29 6 65 54 -7
-9 69 60 -34 7 -11 17 16 25 17 56 69 -30 60 -3 69 54 -9 -35 32 -66 -62 -22 -16 56 46 -69 8 5 55 -67 -29 34 29 22 47 -62 -47 27 58 -56 -20 -24 -78 -77 71 57 -50 28 3 37 44 -55 -78 45 28 21 -31 60 78 9 -49 -51 6 56 -79 17 24 12 -24 -59 -27 23 -61 62 -26 -57 -23 68 24 -52 -25 -6 -32 7 -44 11 23 37 -44 1 -30 52 17 73 -2 -55 -32 -53 26
-67 -7 -43 52 72 -31 -76 -56 -29 73 -39 34 19 -66 -64 -27 -4 -18 -54 -50 54 -38 -21 -10 74 73 -64 -72 -37 48 -54 -78 -68 -69 -44 65 45 43 30 -52 20 -39 -31 -75 -15 -2 -2 -55 -79 6 -12 24 78 -21 -54 29 -16 -57 50 -70 -32 25 47 -23 25 -67 50 11 -73 -44 -8 -34 26 -23 -36 45 -19 29 -59 -38 -70 33 56 65 -9 48 71 -36 40 49 11 -79 -25 -25 76 -22 29 -67 72 44
46 13 -42 21 74 -78 33 -41 36 -42 29 -64 65 -78 -12 -39 71 71 -78 40 -7 -40 79 13 -47 -10 -52 14 -11 -18 -38 30 48 34 -66 41 10 -45 17 78 -42 36 -50 71 26 -57 10 44 53 48 74 -9 26 22 -42 -56 32 -3 19 -26 27 3 -49 53 12 62 -5 27 -3 30 -17 51 -75 -57 3 -8 41 15 -6 64 32 -47 53 58 1 72 63 74 32 80 -62 -2 -2 79 78 49 -24 58 -22 43
71 79 48 0 -13 27 50 28 4 72 16 72 64 -77 71 3 -56 61 13 33 37 35 -10 38 -21 -37 -51 -73 -31 4 79 38 -16 19 39 6 4 8 -71 25 79 -2 -20 -60 31 -14 66 -12 62 -39 8 34 5 -21 57 -76 -21 -14 -51 47 -46 33 1 -30 -21 -31 -26 -60 -42 22 76 52 -24 -78 -63 -15 61 2 34 54 -70 15 60 -37 -39 -33 -34 -1 44 -45 48 73 -18 -37 25 31 52 39 -41 11
-63 -16 -52 -76 -64 -62 12 19 72 15 2 2 -20 11 -13 -35 -16 42 -49 57 31 37 18 2 -63 -38 30 -22 17 -5 -48 -23 64 -6 0 42 34 -7 -15 62 15 27 -10 -48 36 9 69 60 -13 -23 -67 23 23 -42 28 -22 48 73 15 68 25 -27 57 45 68 -23 12 -80 23 -61 79 -34 -58 -49 43 61 -56 -30 39 -10 34 47 -27 -3 -35 -15 21 49 49 -52 34 42 39 -54 -14 -33 -73 75 65 26
45 -59 -14 -22 37 -52 31 9 17 -18 30 -56 54 52 -46 -52 -78 -41 -39 70 8 53 13 -1 17 30 60 37 41 -10 58 -27 75 -72 9 79 -43 44 39 -56 -52 54 -50 13 26 14 -52 -31 -13 37 -14 -30 -48 -54 -56 -24 -66 -37 5 -4 77 -75 -64 -15 23 -56 -35 66 15 50 -58 63 -36 68 -65 6 -47 76 -17 64 -59 -14 -72 47 -5 50 -31 77 8 23 -2 79 1 -15 -21 -71 -57 -11 4 -40
-10 26 28 26 -24 -32 -74 -30 -66 -36 77 -22 -51 -9 -19 37 7 -11 -80 -52 -62 44 -51 17 62 -77 -12 71 -41 -17 -32 79 50 -50 -16 55 -69 15 -30 -32 70 -54 -73 -51 -53 57 -23 -79 -51 41 31 10 -75 72 75 48 -20 -43 78 -63 -66 -23 63 48 -4 78 46 -14 41 -69 75 -66 57 -6 -65 -80 48 23 55 62 37 -68 -13 1 -70 47 -70 59 56 27 18 50 -30 -76 -55 70 60 66 18 -25
31 -10 -51 66 43 24 55 -74 49 46 -79 76 -4 60 -12 9 58 76 -24 79 71 29 -80 30 -39 35 72 -59 -24 -67 74 -63 19 68 65 -45 79 -73 23 -31 68 12 76 -50 -9 75 -39 62 -21 -56 -65 29 -72 -45 -15 18 69 71 60 -4 -8 9 -6 -31 67 -47 -50 -2 -48 63 80 -4 43 -54 43 33 -7 31 -36 13 -33 -17 60 -37 60 4 32 -28 -10 -11 14 22 0 -3 -59 -39 -31 -21 -53 -13
-61 -3 66 -9 13 -58 -1 45 39 -6 -37 38 1 69 76 10 -8 -74 38 55 -2 58 29 -67 55 -6 -3 23 49 73 63 -35 75 32 -29 27 32 -51 24 58 -10 58 -73 -11 54 -74 72 -71 64 55 -10 -27 8 26 -6 29 -23 20 67 -34 15 -36 36 -24 45 10 -39 -62 12 -51 39 54 34 48 16 -76 -8 -78 -12 63 51 26 -49 -25 61 80 -69 -2 -52 -72 -18 15 48 26 5 -20 -62 -66 -5 75
-39 56 -50 26 67 -13 -3 56 9 28 51 -5 55 -47 37 37 -34 -25 -54 -1 29 41 -22 6 21 66 66 13 -17 56 61 -49 -79 -51 -13 80 -67 28 39 16 68 -56 -46 -70 -67 8 27 19 -54 -15 -77 -30 71 12 47 -36 34 73 -69 -7 41 32 -24 -67 -74 29 14 -74 12 -50 75 -26 -35 73 4 -4 31 -49 -62 1 -57 -48 9 -9 -67 -57 -17 -39 -68 13 23 40 4 -67 46 33 30 -14 67 -72
38 49 -43 14 -22 -64 21 20 64 7 -20 -24 55 56 37 16 18 -70 -59 18 -22 -5 -62 -9 -51 -23 -22 52 70 -58 -3 -78 22 80 -2 19 60 -19 -29 -73 18 -37 61 67 48 -70 54 67 -7 -67 -69 71 -31 -59 13 46 55 -23 41 -77 59 -13 -1 -77 -60 -26 31 8 24 12 46 -34 -6 23 -1 76 28 -16 -34 30 13 67 -32 42 34 -37 35 25 21 67 7 -6 -62 -25 -14 -77 18 35 -71 9
60 -35 -21 26 -47 -54 -51 -41 23 -24 -54 44 32 -52 27 60 56 13 -25 -76 -62 8 -43 -17 -41 13 -51 20 -19 -21 19 47 72 40 -27 -54 38 57 -55 -53 -49 73 40 64 51 -2 -4 -21 73 -57 -67 12 -70 19 5 -51 31 8 -65 -49 3 24 44 -30 62 36 -34 -4 35 -42 -24 52 -1 -54 43 -28 9 55 68 -41 -26 51 5 54 42 -32 71 -68 29 -69 4 -24 -20 9 73 -61 13 65 -77 46
24 36 -49 0 -25 53 40 -69 -43 46 -30 -30 -15 56 78 3 -31 13 3 37 44 46 1 8 -63 2 -63 21 16 67 -29 53 -28 19 2 70 -59 62 -50 33 -18 -17 1 -13 -16 -73 62 44 -74 7 -25 16 10 66 49 69 22 -77 42 -74 43 48 -21 80 -25 -55 -14 80 17 -4 -20 65 61 -17 27 74 63 70 11 80 -52 61 35 -59 -51 74 9 39 38 16 41 61 0 -68 49 -38 53 53 33 51
-29 75 -55 -15 51 -55 -5 -51 19 -60 -60 7 -34 71 -7 -13 10 -43 70 1 -15 -66 60 28 62 -15 -22 27 43 6 77 72 10 13 9 34 -52 -45 -38 54 23 14 71 68 -23 33 -65 -55 80 62 77 61 -28 19 67 -63 14 -68 26 -79 80 -34 -38 18 -21 56 18 33 71 62 -17 9 67 -78 16 17 69 -61 -24 75 61 10 5 -53 -14 -18 -49 -62 -42 31 -17 38 39 -36 -46 -33 -62 -52 67 -68
27 -51 59 -50 0 -68 48 11 -66 -37 -8 -52 -39 -7 33 -43 29 14 57 38 51 48 -78 -38 -6 -73 7 60 -9 33 -11 -77 -47 41 9 30 18 -8 -53 -77 31 -70 -47 39 34 67 71 34 -44 -20 23 -47 10 79 79 -33 -76 -77 55 -75 -21 67 67 -4 -76 -76 69 -40 -14 70 -23 55 64 35 44 -24 -23 62 12 46 -42 -19 -38 27 -44 -71 -19 -22 4 -2 74 50 -68 -64 33 77 -33 17 -58 57
-19 32 -79 -36 50 34 -72 11 29 5 -77 -25 23 -4 37 -80 65 12 -24 23 -17 9 -43 57 78 -38 -68 72 23 1 -63 68 -75 -79 67 -40 11 -58 -9 44 -11 -58 -66 -50 -43 77 -36 58 -57 -48 31 -1 71 37 71 -13 -77 -47 35 -8 -74 65 -36 40 59 29 -2 33 -31 -47 -28 3 -34 -78 -8 41 -21 -8 36 -49 -51 53 -67 78 77 -7 -76 57 -28 7 37 -44 -65 -68 -28 -7 -21 -60 -80 48
49 -35 2 18 -12 -43 34 62 -56 38 62 -53 -5 -20 -25 55 20 -72 -37 -11 -79 78 49 68 -12 46 -76 39 39 8 61 -6 24 -76 -56 58 16 -36 13 39 -48 -76 -74 -66 34 -55 10 -41 63 28 12 61 58 1 14 -71 -79 3 -32 45 9 78 -6 0 13 -7 -52 -9 -41 -72 -64 -15 21 55 27 -25 0 61 -66 10 -77 7 -57 -15 21 8 36 44 -3 76 -56 -10 -22 -69 31 -15 51 72 30 22
-63 -53 -61 40 -24 -7 -29 -3 34 9 16 -29 -57 -55 -65 54 -8 -67 5 -5 -46 28 -32 -58 -31 14 -65 -35 17 63 -41 72 -72 75 -9 1 72 -34 7 -73 65 52 36 32 16 67 -80 -73 44 -53 -45 -31 12 -75 68 7 50 -36 -58 76 72 -54 -10 -35 5 52 -8 -21 -58 42 -23 6 -23 65 -20 75 -78 -9 -78 55 -80 -27 -17 65 -9 -16 -32 -51 51 30 69 -31 -57 -8 5 11 -41 75 0 -6
-78 66 -23 -2 63 3 -33 -42 62 -5 18 -70 -28 67 -23 57 6 49 45 66 -25 55 36 15 -69 -39 -12 71 -23 29 71 -53 -43 14 -79 6 32 9 27 11 26 -30 -20 -49 -58 -20 -18 41 -19 -45 -72 -60 -30 78 71 62 -37 -45 52 63 -63 31 -78 -20 68 -18 22 -80 65 67 23 42 -52 -26 -3 4 63 11 -79 21 67 1 74 -7 -38 79 -1 70 16 3 -73 41 16 69 35 -24 42 -26 -14 -6
-58 55 7 -16 17 8 17 6 52 -28 73 -13 -53 36 10 31 -51 -55 -3 -4 -73 -65 -40 -79 -24 5 -66 55 -42 33 62 4 74 25 -37 56 7 26 29 20 -3 20 20 -24 75 25 -36 -19 16 -56 66 -14 18 44 77 69 1 34 -32 -31 19 75 -30 30 50 -62 11 60 -54 -73 71 22 60 -29 45 -14 -55 -53 76 -41 -68 -21 -70 39 51 8 -14 -25 71 -26 -28 -10 -79 -14 -77 -10 -48 -72 64 -60
-75 -3 -29 14 -64 -23 19 -7 7 44 -46 39 -48 29 63 -46 -80 -2 -15 16 -59 22 78 61 -14 20 -46 -51 -30 -69 -32 32 -61 34 23 2 42 -31 78 -33 -45 62 27 -40 65 8 -28 62 -69 66 22 50 40 -6 -30 -1 -35 59 1 -67 -13 35 26 13 37 -23 78 75 6 0 -40 -31 37 -42 64 -8 -62 -51 -21 52 -28 -55 -23 -29 41 18 5 32 -9 -17 -29 75 -78 66 61 70 0 34 74 -37
43 -16 -38 24 -55 -26 -53 12 77 -64 -9 -45 -61 65 69 46 -78 9 -70 -80 49 29 -74 50 -50 45 56 78 67 -64 40 -17 17 -43 49 20 14 -22 44 -41 67 8 -41 -38 74 30 22 -73 -73 39 -55 56 74 43 -28 53 28 9 41 20 -25 11 -44 34 -15 28 28 73 62 -22 -79 -64 -50 37 10 44 11 3 -17 -66 66 -26 -32 56 4 4 72 17 -52 -36 55 -11 -38 -27 -47 -40 66 -14 64 -34
-32 59 30 71 58 56 45 -10 -68 -52 -16 -80 -30 -32 11 -76 10 36 -63 44 -5 56 -38 77 12 40 6 -66 16 12 -66 -78 64 73 -67 27 -75 -28 27 -59 31 -34 33 -50 32 53 41 -11 11 55 7 5 -45 -63 40 47 32 -78 -57 -40 -57 -80 -73 -9 42 46 -27 0 3 -57 -46 32 -7 -60 36 68 -29 -48 -15 -51 -35 49 -35 -64 54 56 -40 18 -19 -48 16 -16 -27 4 50 -1 -5 37 21 45
-39 11 10 -42 64 -13 -33 -1 -47 9 19 40 50 30 -29 -42 -52 -29 8 22 -23 -48 -53 13 61 -54 70 60 -3 57 49 49 62 -18 -73 -59 -59 0 51 5 -64 61 -25 -20 -1 3 48 -45 47 79 44 34 49 76 52 26 -40 36 -56 -62 62 19 79 75 26 -29 -68 3 -19 73 78 61 -31 36 7 -73 15 -68 42 15 15 79 49 -41 28 47 26 23 27 22 -19 6 -45 58 44 80 -46 47 43 -20
-73 17 -38 80 24 -77 32 32 -14 42 42 6 33 -80 33 -4 -58 70 69 69 -75 -72 -44 -48 -77 -58 9 -50 -8 33 -76 16 -6 -72 12 56 23 -69 -71 38 -46 -56 36 -40 63 38 -65 77 -68 32 53 -37 4 47 -78 5 -53 67 -32 -25 13 7 77 10 -46 -44 -76 -48 80 -11 31 16 -30 -61 66 39 64 69 -30 -71 64 -50 50 -3 -43 -24 -40 33 -47 2 -73 -57 -69 -62 20 -2 43 15 -30 36
-26 -70 80 -68 -63 -38 0 -13 40 30 -46 33 67 27 -15 -69 -14 -22 41 59 25 63 61 -75 -53 28 -27 -42 68 72 3 41 -48 18 -23 52 39 43 -28 54 57 71 43 -21 69 -34 64 -64 14 51 22 55 -19 -2 47 42 -34 28 60 23 -36 -46 16 -42 73 -29 1 31 -21 -16 -54 52 25 -23 35 -14 -25 -35 37 -59 -59 -25 -62 17 19 -14 44 67 -53 18 10 -77 -70 -35 37 -55 -16 10 -64 -58
64 16 75 51 80 70 38 -38 70 -49 33 -73 59 -55 78 9 -2 -16 77 -20 -63 -11 -62 -26 -11 26 -56 -35 36 -43 -7 -21 8 -41 21 -32 -37 14 -76 75 74 -3 39 -20 40 79 -66 -41 64 -10 49 -72 52 11 67 -72 49 65 -20 -31 7 -40 -52 12 75 42 -15 -33 41 65 75 -68 30 51 -32 -80 60 -21 -44 -11 5 -48 -80 -27 -8 -55 -55 -66 -68 51 -9 48 -8 51 57 -46 30 -19 -67 -76
-36 -22 -13 -49 -74 -62 72 -12 -22 69 -74 50 -61 7 -26 3 -38 -59 -57 32 -44 -49 62 -1 5 41 70 -41 -51 -25 63 47 -7 -9 4 -13 57 -4 -37 21 20 70 34 5 20 -61 -67 73 12 25 -58 -29 -4 -34 -7 69 31 17 -12 -18 -74 64 61 64 -7 -52 33 -56 -11 -44 2 -25 53 80 26 -56 -77 -28 -1 -75 11 38 23 31 -48 -48 15 -72 65 -56 24 -54 76 -52 -54 70 39 -8 -16 -22
-45 -1 12 35 -64 -18 -41 -73 -9 4 -38 54 -23 -76 41 -65 61 14 -33 -44 74 52 -70 -57 0 10 -25 -22 -6 52 51 37 67 -15 44 -3 -71 9 54 -29 -29 42 41 59 48 46 65 45 49 -40 80 46 -69 -15 13 50 -45 36 30 73 9 -64 51 72 -80 59 41 -9 -74 61 14 -11 26 67 -62 -42 -4 -57 -45 -9 70 10 -3 76 -24 11 57 -47 37 71 -76 -44 -62 -71 -12 44 -65 74 27 -7
16 -31 36 -10 -24 -21 43 -7 -28 23 -68 46 22 -34 -44 46 19 -51 -36 63 2 -65 17 76 5 -40 26 -77 -6 -71 33 -29 26 68 -8 -53 -43 -59 10 51 30 68 -7 46 26 25 14 -51 -13 38 -43 -66 4 61 -55 -16 -59 -58 52 8 30 -27 -16 26 -50 -33 -70 -31 58 -11 16 49 -52 11 -34 -49 -58 -60 -8 26 73 70 -49 -74 -69 -7 59 -22 3 43 -26 47 56 19 -40 76 41 -9 -30 60
-18 13 17 48 -80 -12 33 -53 44 48 -64 -2 -67 -2 -32 67 75 9 -9 -13 -18 -79 -18 40 -12 60 -30 -6 20 -46 -21 -11 59 -28 -78 -33 80 14 19 55 -50 52 69 75 -6 -37 40 -6 -37 -31 4 10 -36 41 13 2 -73 28 10 -44 51 -11 -13 9 69 -36 71 64 -40 6 77 30 45 -33 -10 -10 -62 77 44 29 9 31 -17 -16 41 39 79 -57 14 20 49 64 56 -74 34 -32 -10 -30 -10 -56
-57 -65 -8 -69 -56 -15 11 -61 29 -24 -16 55 67 56 61 65 9 26 2 72 -69 29 -23 -76 37 -2 70 3 -10 -53 -43 -52 -65 76 -39 51 38 -71 -14 20 32 56 18 7 -28 -80 23 64 -31 -59 -2 -11 -35 72 -23 70 -54 -40 15 43 -80 54 22 -22 49 -47 52 -76 38 -26 -16 65 47 -28 45 36 68 19 69 -62 76 -68 -3 55 30 -27 -77 72 -74 -72 2 -33 -32 -18 -56 20 -56 11 9 -58
-72 -17 77 38 -25 30 -7 21 72 66 -58 -73 63 -53 -75 57 27 -19 60 -77 6 -9 -55 77 -38 -58 -73 35 80 -7 -45 26 -74 72 7 -33 -54 2 8 53 -54 32 41 63 69 37 -66 7 59 -12 28 -60 -41 -34 76 -32 79 75 -16 -63 50 -13 -7 -75 -48 47 61 -10 13 -38 8 53 -34 49 -20 -56 -34 57 16 -44 -60 -66 6 50 42 15 -28 71 -17 64 -39 -34 -31 -80 50 -36 47 28 28 -75
-54 -75 -43 -47 -58 11 36 34 53 -4 -5 -56 -41 55 -67 58 -45 52 25 22 18 -58 68 -70 -73 -38 -60 40 23 -74 4 -68 -78 66 -57 50 1 -16 -43 61 65 37 30 -40 -28 -12 69 -74 58 -41 -74 13 21 75 -66 -11 24 -25 -40 9 -49 31 49 -25 -59 -38 -44 67 -23 -79 -14 -75 56 22 76 55 21 -51 44 -15 53 -77 -78 -62 79 -26 -58 20 -46 -20 74 9 -61 -61 -5 80 -70 -62 -41 -24
37 -20 -74 8 -55 -69 -68 69 42 -1 16 -12 -23 -49 12 76 28 -71 38 43 -37 -23 -3 29 -40 -42 36 1 -53 27 52 5 -40 71 -33 52 -14 60 16 45 15 -47 -39 12 -72 -1 35 41 67 -57 71 31 19 -71 -3 -64 43 -41 62 -16 47 -56 -46 -18 -60 -3 -62 -20 -7 -41 -56 30 30 -64 3 71 26 55 -79 -39 -76 76 -59 -15 -76 -73 50 34 71 56 -56 -32 -32 -78 74 -10 -30 14 -78 -1
-39 -12 77 21 54 -23 -54 52 66 -20 -24 62 -47 64 -5 26 36 62 20 -22 -75 -60 17 65 79 -10 -36 -56 -59 -22 28 72 -7 73 31 -71 25 66 -56 -1 -70 35 49 -39 71 -57 -22 72 8 65 -17 22 79 -50 -58 -33 -75 33 -3 -62 5 70 8 48 35 -5 -16 20 -39 -74 -15 55 19 3 -4 58 -1 -1 7 -70 48 -38 -2 -54 -77 -41 -49 -53 -20 -27 31 15 -27 -50 -32 24 3 -54 -31 33
35 -4 -25 20 -70 7 -40 -36 -37 -9 9 -16 -62 -19 10 -58 60 -76 -1 -48 46 12 57 -40 48 28 -49 49 -78 -1 60 -56 3 7 16 -14 45 -36 -72 31 -25 21 42 59 70 54 -65 73 -11 -62 -16 67 -49 -53 27 2 -1 27 -74 -58 7 79 74 -68 -53 50 -30 -33 11 7 79 29 3 -38 -12 39 -22 45 66 68 65 65 1 -43 79 -72 -53 75 55 -64 16 44 -15 43 66 41 19 -19 -55 -80
-17 12 48 -54 -80 24 -41 -72 7 67 56 35 31 69 -79 54 6 12 -66 15 -74 26 71 -53 -24 -31 -28 -41 59 -31 72 25 44 43 75 30 -29 -7 53 -3 9 -22 -40 -70 59 4 56 42 55 15 40 26 -48 -19 40 -22 -1 -38 77 -80 39 17 63 59 -32 10 67 -59 79 45 27 -29 -80 40 -44 29 13 -53 42 -39 -37 59 -2 -35 -63 -8 -67 -68 -22 -26 11 -10 72 23 -4 59 -19 20 -63 70
-18 74 8 22 61 4 57 -42 -62 -24 -30 -9 65 -35 -35 33 -60 -64 80 69 13 -67 61 -18 -45 -20 11 30 80 24 21 -24 -59 -5 67 -66 19 -75 5 -50 -62 -15 -51 -26 -79 -43 53 26 -8 -43 -1 18 48 -15 5 63 64 7 -9 -30 -17 56 -22 36 -61 24 5 -27 30 -23 65 -43 -48 72 21 -58 24 -3 -67 51 53 -49 -7 -31 -31 51 -24 73 79 66 -59 -53 -68 62 29 29 30 77 -59 -56
-53 -7 -68 -58 -36 -8 55 -79 27 -67 66 67 55 -35 -31 16 -25 71 18 42 47 -44 -67 74 -36 -59 73 15 32 71 -68 33 -58 -41 8 -41 -41 -28 -5 64 -64 35 15 -17 -59 -69 -54 2 68 -27 -2 -40 -51 64 75 -40 5 34 -26 1 51 -31 63 49 24 -57 23 66 13 -73 -56 49 9 17 30 57 6 22 -38 -68 39 24 -8 -54 4 12 -7 -19 8 -29 41 -15 -79 43 65 28 51 14 -13 16
71 16 -54 6 -44 -28 -33 80 17 43 34 -26 -68 -49 59 43 -77 -12 20 79 37 40 16 39 -31 61 -19 39 40 6 48 -65 19 -68 25 46 29 63 0 7 -16 -68 -75 -48 -19 77 -55 -42 36 44 -17 0 54 -47 -37 30 -28 -28 -67 52 55 56 71 53 32 36 -66 23 -71 -60 -11 40 18 -77 -78 -48 33 74 -45 -31 24 -73 53 57 64 15 -33 19 29 -20 -60 39 48 -35 31 -28 72 -11 10 12
-61 65 -45 53 8 -73 -69 4 65 75 -59 -19 -65 -28 55 -38 -43 4 -79 -11 -43 70 76 -13 70 -53 2 33 -4 10 -79 40 56 41 -46 -33 26 28 -22 26 8 -6 -60 37 15 78 -14 -29 23 7 -29 44 8 44 -58 -49 -41 43 73 -42 22 -38 74 -77 -68 -23 80 -80 -28 9 10 66 -42 70 -65 66 67 17 -34 -32 -58 -9 8 41 -65 -14 67 -25 25 -1 -76 75 16 4 -16 58 -11 -5 28 70
-43 11 3 58 -24 -48 17 78 58 -53 -42 -69 -33 22 -32 -69 -75 -39 -39 -54 -63 2 62 -73 -38 8 4 17 -28 35 14 -28 -39 -56 -62 -12 80 27 -78 9 63 47 -69 27 -71 -67 -32 -13 7 14 -79 71 14 37 78 -23 -20 -39 70 -39 -73 1 56 59 -54 -9 69 -32 -76 49 -9 -3 -73 -14 41 48 -2 79 10 0 -67 -31 31 0 30 74 -27 -61 -48 59 34 -53 37 7 -26 -49 -37 31 58 21
-18 -11 -9 3 -13 23 21 61 12 -4 41 33 63 -71 1 8 77 -76 -5 -48 30 -58 30 -39 79 -29 -41 -59 -36 -31 -37 -21 -29 16 69 -74 79 -22 23 34 -22 45 -13 59 -32 5 -13 -3 -22 20 80 79 -80 60 -75 67 -26 59 -7 -54 -49 67 -35 -80 -47 -62 4 63 -23 6 -31 -35 -48 7 -41 -64 -50 37 27 80 -51 11 -45 -14 -63 -61 -32 9 51 -36 -47 -54 60 -65 67 -48 -28 35 -49 43
53 -43 17 46 -33 -31 35 -14 10 63 -76 -78 27 80 62 -13 75 -32 30 37 -61 59 -74 55 -66 57 44 -61 71 -34 -64 61 -30 -44 -6 9 69 9 55 38 -7 -5 55 -8 -32 -19 49 -77 56 -44 -64 40 19 -25 31 31 -13 47 35 30 -17 67 74 -16 -66 63 -62 71 31 -46 -14 -45 68 66 67 -48 50 8 32 -61 -23 -23 -59 38 4 -48 -36 -18 57 -50 61 -11 40 -3 37 -73 -3 -65 33 -32
-17 -45 72 38 22 36 18 73 18 -2 -4 -69 -76 13 54 -7 -9 -59 55 -38 17 9 53 -3 66 -56 71 -7 -17 -80 64 71 42 19 29 -22 58 -9 18 46 6 -71 12 56 53 -57 -10 73 -73 3 36 36 54 -40 55 -31 -16 -67 -11 68 22 -37 -45 -47 -1 -53 72 -35 -10 48 -63 79 -65 -43 -22 -7 -26 50 -25 14 58 -18 41 52 -16 78 11 -46 -22 44 -28 10 62 11 -39 35 9 33 -33 20
45 -33 -21 -22 -24 18 -18 77 69 -71 -55 -33 74 -72 2 49 18 -45 43 41 2 -38 57 -22 71 -61 -33 0 -15 -58 40 -42 -46 39 64 67 -16 -57 -18 -64 -68 55 -65 -24 57 49 -79 39 58 -50 80 61 59 -46 57 -39 52 68 53 -50 34 41 -16 -76 -61 -3 -38 -20 73 38 49 48 60 31 -26 53 73 76 29 -40 -64 58 -22 40 -23 -6 37 -23 -69 51 -71 -51 30 -16 -50 -48 -31 3 -20 -67
-32 -30 56 -26 79 49 -16 57 -63 19 -34 13 48 -80 -17 59 34 26 14 61 -41 -76 -32 -63 3 48 -63 -78 42 49 20 -47 -5 -65 15 21 54 56 -4 -66 9 -28 -33 -34 39 13 58 13 10 -39 2 -74 42 -25 -78 64 42 26 37 -4 -21 1 13 -19 -15 40 -12 -63 18 -13 42 38 27 -51 73 55 -57 47 15 22 76 -53 -37 -13 55 23 28 59 -50 -40 3 35 29 -19 -64 -80 27 -63 -25 17
64 -1 -34 67 -77 -8 -55 80 19 -36 29 74 -27 24 -26 -22 -44 -21 -43 -56 62 37 46 -43 -35 -8 41 -7 5 -74 69 -78 -6 19 -13 16 -25 32 -22 -12 -44 -16 0 9 -53 18 -80 59 28 31 -20 49 -17 20 17 35 -53 32 -45 -25 -46 -32 34 -45 54 78 54 -15 -16 75 -29 -5 29 -19 -71 8 -66 -52 42 -39 79 -7 -38 -15 -56 45 75 -26 42 -23 48 -14 -67 32 -1 -42 -32 -71 -37 -72
23 63 -14 -8 31 -8 79 64 22 -6 -67 -5 -74 75 19 62 3 -54 -19 69 -26 -51 -46 -2 -59 -72 -42 -40 -79 2 -45 32 -42 -5 57 -74 2 1 39 8 73 -70 34 66 54 57 53 -62 8 -36 -57 -64 -34 43 -16 19 -72 5 48 41 -17 18 46 58 -14 67 66 54 -13 52 -29 -74 0 -29 69 -46 -80 48 29 29 73 -45 0 26 -16 -36 25 67 17 -74 15 55 -24 -60 -73 -77 -41 4 50 -72
9 45 -6 -27 -60 -53 -6 73 -68 42 -54 58 49 -41 -6 -53 59 74 63 52 17 -27 -34 20 33 66 1 21 -9 -47 26 75 -47 -22 67 77 27 3 13 73 58 -2 -80 72 48 49 19 -64 -1 54 34 59 5 57 -38 19 -70 -61 62 -14 70 -69 33 -60 13 70 -23 -70 -56 -20 -72 75 74 -31 67 -5 -27 -22 -64 38 6 -72 -76 -37 -10 -50 -17 60 -53 40 17 26 -61 -67 38 -62 -63 7 -36 -72
-79 6 -62 -2 2 -24 19 54 20 -35 61 56 4 25 63 -57 6 -36 -25 -27 73 30 15 -35 1 -46 5 5 12 65 25 -65 77 72 52 -62 -62 67 54 -11 -23 -65 79 -62 48 -68 17 -21 -61 -51 49 80 37 66 56 -77 -60 -78 -21 15 -19 49 64 45 -69 28 10 31 -5 -31 -33 64 -51 -7 28 76 -5 55 39 -5 -60 30 65 -47 -62 -77 -60 62 42 71 15 -70 -6 63 77 -3 -23 -66 -15 74
24 -15 79 -6 33 35 -49 -25 -80 11 -79 48 22 68 54 -35 54 39 -12 -19 21 49 47 78 74 72 -20 -75 6 13 -34 -13 53 -41 58 42 54 -20 -42 24 -74 -67 20 75 42 55 -5 -34 -69 35 -39 3 30 -63 -48 6 -37 -21 46 66 -73 -13 -49 -67 -46 -46 66 -56 50 -62 -50 -14 -23 -29 -2 7 58 -55 -32 -39 40 -46 -1 27 41 21 -27 -51 51 59 60 65 -63 -49 -36 37 -17 -50 69 27
-20 80 64 -36 15 58 65 -43 70 -19 -74 42 -37 66 -57 20 -78 1 47 -8 -51 31 0 -48 61 15 -47 20 -47 66 9 39 -69 -78 -12 58 52 47 75 69 -79 -3 73 -50 13 -22 11 57 -77 35 -26 -66 -17 -47 -52 -7 51 17 54 -44 13 42 77 13 43 71 17 16 76 -2 -9 22 -31 -10 61 50 -60 -30 -1 -57 -44 -77 18 -3 -61 0 -25 -65 -4 -15 60 -65 -27 75 -61 62 -12 9 73 -54
34 -61 19 2 -58 -50 -20 10 -19 66 -29 74 -80 -3 -10 21 62 23 -35 -14 -74 -55 -17 3 -54 39 10 8 -79 -30 27 -37 -15 -77 78 80 -77 1 -30 0 -61 -9 35 -72 50 44 -21 -26 -78 70 -72 71 -60 -58 -60 1 -33 -18 62 -53 21 27 -3 -49 47 43 74 -1 71 -24 38 -28 -73 16 -12 -30 -74 -22 -22 51 3 9 -47 -19 6 69 -26 -58 1 -44 39 -43 -79 71 -8 7 23 48 27 -38
-41 55 -28 -43 41 72 18 20 67 -56 -16 -67 52 -18 -36 -32 -32 -27 14 11 -52 64 -17 6 43 -25 -40 -80 -7 35 70 22 17 -64 54 -20 48 34 -29 78 59 -25 22 -22 62 -45 2 75 57 21 70 52 -78 15 44 64 -19 -64 21 34 -52 -8 79 -77 31 -36 12 -10 57 40 -30 40 73 -69 17 34 80 27 44 -58 26 21 -64 2 -40 50 -7 57 -60 -36 -5 43 70 -71 -46 77 59 -66 -63 -25
66 -68 8 25 -80 42 -49 -69 32 54 -36 14 -52 -65 -17 -38 -66 68 74 77 -10 15 -68 -75 24 22 68 28 49 4 73 -21 77 -39 -45 -25 38 -65 -53 -29 -9 -76 -55 77 -46 11 -17 -11 10 -57 32 72 -24 -80 -21 37 -32 2 61 17 -23 -71 -23 -71 51 -79 27 -64 78 68 -13 43 22 22 -39 -66 -9 -43 9 21 8 -40 24 -28 62 -47 -11 -33 -68 -53 -8 66 49 70 -58 -12 28 -19 11 72
-46 56 68 32 57 -67 66 -48 -2 80 38 68 59 -6 -77 -44 -24 15 6 60 -28 13 76 -71 26 -70 1 -62 12 -5 -61 63 -8 1 67 69 52 -22 51 47 73 -78 5 60 3 -64 -34 -78 48 69 64 -71 -38 66 -63 -38 21 -44 -1 38 35 -42 -58 -66 -61 -69 2 19 34 44 23 16 66 79 -10 21 52 -31 -12 -1 -19 7 -18 46 56 -13 7 10 4 -39 -30 -48 7 25 -34 47 18 28 -73 -66
-49 76 25 -26 49 -70 -77 19 -8 -12 -21 19 0 10 33 -72 12 24 -17 -52 -70 -78 -1 -12 50 -11 56 42 -5 25 -20 31 4 -77 -52 -2 74 25 -69 27 63 -40 -61 -22 50 17 45 -63 59 -54 63 -41 27 -73 -61 2 8 74 55 4 -68 -73 -45 -44 47 -56 77 -31 -36 75 42 73 11 32 -22 -14 55 -58 15 -29 24 8 -66 -44 -80 -9 -50 56 3 42 47 64 -10 -35 -68 -48 59 3 -47 19
54 57 71 -29 -16 46 1 -53 -54 12 35 -54 9 39 -43 20 -12 48 -47 -74 -19 -45 -15 -21 -76 -10 23 -37 5 15 -15 58 -48 31 -4 -6 72 -57 32 60 12 -8 49 10 -6 70 54 -10 -27 -3 -31 -19 -27 -24 64 13 56 29 -6 -24 -13 -9 -69 -72 -33 -44 -48 39 24 69 9 -30 -56 -27 -43 45 -28 -34 74 -12 78 76 2 -38 14 -38 -50 -50 58 23 28 72 -51 -52 -68 10 24 -47 18 -19
-44 -61 36 0 22 -3 59 10 62 -9 -33 -62 -79 21 -11 -13 73 -80 -32 -19 22 58 29 -57 -61 57 20 44 29 -54 -7 -54 -66 44 68 13 -20 -34 2 29 -3 63 -19 -40 0 -39 -47 -4 -30 72 -21 9 -59 -24 -6 31 69 -32 -64 49 76 10 27 14 64 10 36 30 -10 -75 -61 -76 45 -38 -43 71 -3 -11 -30 39 -33 -3 43 -30 66 -25 65 -12 -32 -21 -66 -42 -60 -67 -80 -28 5 -9 34 2
39 67 -45 36 43 62 71 -78 21 -63 -57 6 64 36 80 -67 -50 79 24 -52 -61 20 57 31 0 76 -45 -66 -25 -55 -76 38 79 9 -76 -38 25 38 3 55 43 72 32 25 46 -33 78 77 -15 43 -24 15 -44 -38 -15 12 -19 -14 57 -26 64 -49 -52 57 -70 -26 -6 28 -52 72 -31 41 69 74 67 -46 -19 -53 -35 -43 31 56 59 -69 64 80 23 25 1 -35 63 33 64 23 23 1 -45 -26 -77 -10
-43 11 -5 23 52 -33 -21 3 30 22 17 4 41 -66 50 46 -15 -19 -20 57 30 1 -16 -32 -7 -25 -12 35 9 -72 -70 51 39 24 10 38 -45 -57 -32 -66 -34 -6 -8 -56 12 -56 -27 76 -59 -30 -43 -61 -69 -16 1 -44 -66 -64 -43 -26 44 11 -35 -51 63 53 -12 33 -3 -10 20 21 11 -33 77 -15 -65 13 29 47 58 65 -26 19 -18 46 9 -17 -29 48 55 -54 -43 63 -38 -22 64 29 37 66
20 -10 0 -9 -39 -63 65 -78 -17 -80 -22 63 -77 58 63 -75 -17 3 -2 -57 63 50 -67 22 -13 -47 -37 34 -75 -66 -47 -46 -67 44 -6 -17 -5 -69 14 29 66 -4 7 3 40 49 -21 -21 34 -31 -73 -1 -31 42 -65 60 18 57 52 -11 20 42 -64 57 -27 22 -23 36 14 31 7 -68 -7 5 -38 22 -33 5 -65 -46 8 45 -38 41 20 -48 -4 77 -78 69 3 5 8 31 24 -70 4 -21 63 -51
30 -17 -69 38 68 -75 -69 -53 71 61 42 -38 76 -74 -17 -55 -58 3 -13 8 -3 30 -64 18 34 68 -6 18 -53 55 29 55 -53 -26 -44 24 -13 77 -33 12 -3 -79 14 31 -69 77 -2 39 12 13 -6 -25 -58 27 -18 -53 -45 47 5 18 -37 -66 48 8 -75 -12 -62 -21 -8 -12 76 44 -10 47 -53 -57 36 -52 -56 44 14 -37 65 -55 -6 77 24 11 3 36 11 -27 -66 -31 -23 -54 -76 30 74 16
79 -1 28 -66 -71 -12 -38 -44 8 -14 -55 -64 30 -38 -4 26 -35 18 -17 -71 -50 66 70 23 28 19 -23 64 -45 -37 -11 -65 36 -80 -17 8 -71 12 6 -66 -58 11 46 -42 9 -46 -48 24 -75 -49 -17 -60 -39 -4 68 49 73 35 8 10 -75 67 -37 36 -43 30 -14 -20 52 59 -62 -55 8 64 73 -39 65 -78 61 -39 22 -41 51 45 59 -41 52 -51 -64 56 62 -69 -19 -24 -60 21 33 52 -65 27
49 55 -77 37 -79 72 46 17 -62 -30 53 11 -64 -15 -37 60 14 -47 -9 14 -14 22 -52 26 -62 -22 67 43 -15 67 -42 -57 26 34 22 16 31 -3 6 29 27 29 32 79 34 -14 56 -59 33 19 24 -42 -67 -21 -74 75 -68 37 6 22 70 60 -8 -34 22 70 8 -24 -65 -44 43 30 -34 9 67 -12 49 12 -46 56 36 55 1 -5 -48 16 -12 -57 -48 36 69 -58 10 74 -54 -14 -30 -36 -78 48
44 78 80 75 52 41 -26 -46 46 2 6 -51 -65 -19 21 6 -78 62 4 -63 73 3 -52 23 15 39 66 -44 -54 49 23 15 -69 21 80 10 -77 29 -17 12 19 18 -77 -44 37 64 -40 -34 -32 19 -11 8 -48 79 55 -49 -49 -26 38 31 -24 -35 -6 -40 -20 75 6 -51 -50 -31 -17 -63 -71 11 -9 71 -51 -45 -75 66 21 -62 -65 -17 21 13 63 -66 -53 -59 79 -4 -6 -4 -67 10 49 -37 71 -60
-31 -26 -36 75 49 -74 -29 12 64 -58 -18 78 -44 24 -78 23 65 24 -27 -21 -63 -68 0 -63 -61 28 -38 34 67 -43 10 -29 59 45 75 11 54 12 76 -26 -45 37 16 29 27 -77 18 39 38 -24 -13 28 -63 12 -71 -28 79 53 45 76 -47 -6 -35 -32 -16 0 37 79 35 -78 44 -52 -14 -74 -66 -79 -37 54 -63 -32 -58 16 -72 -25 0 -28 -45 -25 36 -79 72 41 70 65 76 -7 5 63 17 34
24 41 36 27 -58 -22 21 -69 70 -22 52 -8 40 -38 -2 26 20 -21 20 -63 18 6 -16 -47 5 -31 36 -3 78 40 57 2 71 4 -51 -8 -71 -20 47 3 63 -5 -73 -34 -55 -51 -64 -58 -17 22 -31 -51 -50 -80 77 -63 2 -2 11 -64 -5 -76 32 -14 17 44 23 -17 -18 49 9 -71 -48 12 -67 31 28 -44 68 -17 -13 39 71 17 16 36 54 -80 14 -5 -14 80 55 -34 -65 19 -51 78 -54 53
74 40 -40 -21 50 38 44 15 74 -25 69 -66 66 -73 -19 -16 -57 34 37 -33 50 69 11 5 16 61 30 30 31 12 7 -62 52 -22 19 -15 12 -61 -61 11 73 24 -7 -47 -24 45 -58 -75 -31 46 -42 -57 -11 -23 78 67 26 33 -12 48 -57 45 -37 32 -19 3 37 45 -32 -73 70 56 29 2 -58 -11 -1 -53 32 -60 54 -17 -68 65 64 0 -30 -48 56 -67 8 -62 20 -68 23 65 -47 70 49 -56
-76 80 -76 70 11 -21 77 48 54 51 -66 -38 27 -10 -26 -63 -55 -11 61 -50 -60 -50 -44 47 19 -67 -63 -24 -51 -63 -28 -29 -37 77 -62 22 -79 -41 22 6 76 -22 44 60 6 54 63 -69 -74 -41 30 -72 -32 8 4 3 -65 2 -37 -73 -64 -40 66 -76 -70 3 48 -67 45 12 -30 72 -20 27 -80 -9 9 -53 4 -68 -21 -74 4 52 54 -14 53 -70 -10 4 2 -43 -4 56 -42 -69 49 -40 -28 -68
57 30 -48 55 62 67 -6 23 -77 -5 67 -3 8 2 -44 -46 61 61 -50 -28 -33 -77 -64 -61 78 16 -41 -36 15 -77 62 -40 48 55 7 26 66 58 16 -21 41 62 -35 -74 77 -32 18 5 63 37 59 -26 -25 48 -63 -80 -48 -46 -16 8 -47 29 32 48 -76 58 -33 -47 -47 -56 34 30 42 -20 50 -10 48 78 -45 -30 35 8 0 -38 30 -11 78 -24 -19 -70 75 -79 46 -20 -76 -37 77 79 -66 -57
37 -22 71 -47 69 -6 23 71 -73 -19 3 40 -5 48 47 -78 -79 -37 -24 75 17 -49 -37 -38 75 -3 70 54 -53 -22 -43 64 -1 41 36 28 78 53 -63 9 63 37 35 -58 75 71 -64 -47 55 69 3 19 -61 39 -16 -48 22 58 -68 51 -59 34 -52 -6 77 -1 71 -27 -80 75 -69 -51 -74 6 79 -64 -27 30 -18 -48 10 -24 27 -65 -15 -16 80 -45 13 -30 30 -3 57 -79 -35 -6 -69 2 34 9
31 -54 -48 -12 -26 25 78 67 4 1 -68 68 -58 -7 42 36 -15 -25 80 -42 -33 -77 -66 -44 -27 52 -54 -71 -17 -8 -72 16 53 -75 -36 -70 -56 66 13 68 -53 -29 -29 20 -64 -24 -14 -40 -4 62 75 -76 65 3 9 55 -49 25 -17 -10 78 -13 62 -17 -2 -43 36 56 78 -9 -48 -63 9 51 52 -58 -44 69 41 41 -69 11 1 55 20 -42 -59 11 50 -2 -28 -56 33 60 -76 -31 -47 60 -12 -54
59 3 20 -10 -77 -17 7 53 11 64 0 -48 -22 -56 18 35 11 -76 1 61 59 -55 -58 71 -68 30 -51 -32 -55 66 28 -55 52 44 -71 -25 -10 -4 23 -73 -18 -20 43 7 72 -8 -50 -14 -66 -31 41 -70 27 49 -21 -27 21 -16 27 50 12 28 -19 -59 60 -48 33 -5 65 34 8 -80 9 63 -17 -52 -50 -65 -69 30 -67 58 -18 -55 -62 4 -65 -59 -58 -38 76 37 -46 31 29 -39 64 28 13 6
-31 43 76 -4 -38 -40 -29 -55 25 41 33 -47 34 -45 -73 22 75 -22 20 -75 -57 32 55 15 -45 -62 -74 -14 2 23 -80 80 -18 -64 72 -32 49 52 70 58 25 12 10 64 5 1 -33 -46 39 49 75 11 55 -23 75 -27 28 27 41 -66 4 53 52 -56 -36 -40 -79 -22 -11 13 -43 24 73 -74 71 -33 -17 -16 4 -52 77 -55 41 -69 -44 4 -74 41 42 40 0 -3 18 -2 -9 72 -26 -11 20 -38
-40 -5 -74 52 -7 14 -9 20 32 39 5 -43 -21 -59 50 49 33 -76 19 57 -27 22 -26 66 -70 46 12 -19 -8 41 -34 63 -54 44 42 52 -63 -80 15 -77 63 32 -73 8 -66 12 50 -67 33 -6 -51 77 -66 -22 72 2 22 -42 -28 60 41 29 30 80 -48 53 2 66 78 -42 -50 1 -51 -11 -58 -63 8 3 -42 43 -38 -20 10 12 -15 49 52 -69 41 -45 -21 -51 54 -25 61 -15 -1 -13 -7 65
54 -78 72 17 -65 -18 -74 -39 -45 -27 64 -49 -16 45 10 1 -16 42 -75 -16 27 -24 18 15 -73 -54 64 63 52 -40 9 64 59 -60 10 79 26 53 59 57 17 66 -69 22 9 -73 -75 -38 26 -69 -16 -49 -47 13 -14 61 45 -18 31 -21 38 20 45 20 -41 80 40 45 49 -40 -36 -21 2 64 -58 -68 71 -46 62 -54 -43 73 79 -17 30 67 -39 26 -57 77 74 9 -6 8 15 61 53 4 77 35
